Td    ID      Tj      Df    Dd    Db      
6    9      4      2    0    2
6    10      4      2    0    2
7    2005      4      3    0    3
8    6      4      4    0    4
0    2006      4      1    0    0
0    2000      2      0    0    0
15    2012      5      10    0    10
15    47      13      2    0    2
15    50      13      2    0    2
16    15      5      11    0    11
0    2021      7      9    0    0
19    2024      7      12    0    12
19    7      4      15    0    15
0    2033      10      0    0    0
20    40      11      9    0    9
0    2023      7      4    0    0
22    2045      13      9    0    9
22    3      2      20    0    20
24    2020      7      17    0    17
24    27      8      16    0    16
0    2030      10      0    0    0
0    2050      15      10    0    0
33    2007      4      29    0    29
0    2034      10      19    0    0
0    2071      24      0    0    0
34    4      2      32    0    32
34    22      7      27    0    27
0    2054      15      8    0    0
0    2065      21      9    0    0
0    2066      21      11    0    0
42    2077      25      17    0    17
0    2084      26      0    0    0
42    105      34      8    0    8
43    2079      25      18    0    18
45    2069      21      24    0    24
0    2058      16      27    0    0
46    11      5      41    0    41
0    2099      33      16    0    0
51    48      13      38    0    38
0    2109      37      0    0    0
54    2001      2      52    0    52
54    2002      2      52    0    52
0    2104      34      13    0    0
56    2003      2      54    0    54
57    49      13      44    0    44
58    54      15      43    0    43
0    2128      48      0    0    0
59    13      5      54    0    54
61    2085      28      33    0    33
0    2130      49      0    0    0
0    2095      33      13    0    0
0    2122      47      13    0    0
64    74      24      40    0    40
64    136      53      11    0    11
0    2155      60      0    0    0
0    2116      46      6    0    0
66    55      15      51    0    51
66    76      25      41    0    41
0    2124      47      16    0    0
68    57      16      52    0    52
69    171      65      4    0    4
71    37      11      60    0    60
73    183      70      3    0    3
73    181      70      3    0    3
73    178      67      6    0    6
74    2141      54      20    0    20
79    101      34      45    0    45
0    2111      45      15    0    0
0    2172      65      0    0    0
85    207      79      6    0    6
86    193      74      12    0    12
86    206      79      7    0    7
86    165      62      24    0    24
0    2216      81      0    0    0
88    200      76      12    0    12
88    205      78      10    0    10
89    126      48      41    0    41
0    2160      62      30    0    0
0    2234      85      0    0    0
0    2215      81      0    0    0
97    111      45      52    0    52
98    2008      4      94    0    94
98    2106      37      61    0    61
0    2207      79      0    0    0
0    2188      72      18    0    0
105    2144      54      51    0    51
0    2248      97      0    0    0
108    2118      46      62    0    62
115    284      109      6    0    6
0    2269      104      0    0    0
117    58      16      101    0    101
0    2281      109      0    0    0
119    279      107      12    0    12
120    2009      4      116    0    116
0    2137      53      38    0    0
123    2253      99      24    0    24
126    310      123      3    0    3
0    2295      117      0    0    0
129    2221      83      46    0    46
129    115      45      84    0    84
130    2152      59      71    0    71
0    2308      123      0    0    0
131    2092      29      102    0    102
0    2214      80      38    0    0
137    2197      76      61    0    61
0    2302      120      0    0    0
0    2082      26      48    0    0
140    327      135      5    0    5
144    359      143      1    0    1
145    118      46      99    0    99
147    2176      67      80    0    80
148    2164      62      86    0    86
148    157      60      88    0    88
0    2338      137      0    0    0
0    2165      63      86    0    0
0    2202      78      74    0    0
154    158      60      94    0    94
0    2361      144      0    0    0
155    377      149      6    0    6
0    2271      106      48    0    0
0    2235      90      23    0    0
0    2178      67      75    0    0
0    2237      90      39    0    0
158    112      45      113    0    113
159    401      157      2    0    2
160    409      158      2    0    2
162    2180      70      92    0    92
162    397      154      8    0    8
0    2405      158      0    0    0
0    2189      72      48    0    0
0    2387      152      0    0    0
168    141      54      114    0    114
168    414      161      7    0    7
172    2142      54      118    0    118
176    423      171      5    0    5
0    2191      74      67    0    0
0    2352      142      0    0    0
180    93      29      151    0    151
181    84      26      155    0    155
183    461      180      3    0    3
186    116      46      140    0    140
0    2240      92      66    0    0
188    451      177      11    0    11
0    2433      173      0    0    0
191    430      172      19    0    19
201    196      76      125    0    125
0    2250      99      51    0    0
0    2489      188      0    0    0
202    254      99      103    0    103
204    533      202      2    0    2
205    94      29      176    0    176
0    2359      143      48    0    0
0    2283      109      51    0    0
0    2171      65      129    0    0
0    2229      84      43    0    0
210    2246      97      113    0    113
0    2533      202      0    0    0
213    557      211      2    0    2
213    556      211      2    0    2
0    2305      123      88    0    0
217    2372      147      70    0    70
217    225      83      134    0    134
217    544      205      12    0    12
217    545      205      12    0    12
0    2404      157      17    0    0
219    2416      170      49    0    49
0    2358      143      38    0    0
0    2543      205      0    0    0
223    2011      5      218    0    218
0    2181      70      111    0    0
223    2199      76      147    0    147
0    2418      170      42    0    0
0    2350      142      67    0    0
225    2224      83      142    0    142
225    2167      63      162    0    162
228    2222      83      145    0    145
228    595      225      3    0    3
229    593      225      4    0    4
231    197      76      155    0    155
0    2262      103      113    0    0
232    252      99      133    0    133
233    2448      176      57    0    57
0    2580      222      0    0    0
234    161      62      172    0    172
235    2149      58      177    0    177
237    2242      92      145    0    145
237    574      219      18    0    18
237    583      222      15    0    15
239    208      79      160    0    160
0    2419      170      58    0    0
0    2599      228      0    0    0
241    418      170      71    0    71
242    2256      100      142    0    142
244    2013      5      239    0    239
244    272      106      138    0    138
0    2617      239      0    0    0
248    2413      161      87    0    87
248    223      83      165    0    165
250    2208      79      171    0    171
253    309      123      130    0    130
0    2251      99      152    0    0
255    2403      157      98    0    98
255    646      249      6    0    6
0    2370      147      57    0    0
262    145      54      208    0    208
262    668      256      6    0    6
0    2630      245      0    0    0
268    671      261      7    0    7
269    2102      34      235    0    235
270    182      70      200    0    200
272    703      269      3    0    3
0    2245      97      174    0    0
276    2380      150      126    0    126
278    2025      8      270    0    270
0    2219      81      187    0    0
278    716      275      3    0    3
0    2373      147      75    0    0
0    2682      265      0    0    0
282    2267      104      178    0    178
285    692      267      18    0    18
288    2236      90      198    0    198
0    2185      72      5    0    0
0    2716      275      0    0    0
293    2053      15      278    0    278
295    762      290      5    0    5
302    2276      107      195    0    195
304    2333      136      168    0    168
304    198      76      228    0    228
0    2763      290      0    0    0
0    2774      299      0    0    0
310    357      143      167    0    167
0    2531      202      49    0    0
313    804      309      4    0    4
0    2475      186      112    0    0
0    2467      181      97    0    0
317    2258      100      217    0    217
317    808      312      5    0    5
318    805      309      9    0    9
319    813      315      4    0    4
320    2286      110      210    0    210
320    186      72      248    0    248
320    811      315      5    0    5
0    2766      294      0    0    0
322    2035      11      311    0    311
322    371      147      175    0    175
322    783      301      21    0    21
324    806      312      12    0    12
0    2561      216      108    0    0
0    2817      317      0    0    0
327    177      67      260    0    260
328    2486      188      140    0    140
0    2534      202      104    0    0
0    2841      327      0    0    0
0    2686      266      50    0    0
333    784      301      32    0    32
334    761      290      44    0    44
0    2839      325      0    0    0
335    2203      78      257    0    257
335    194      74      261    0    261
337    769      294      43    0    43
0    2446      176      14    0    0
0    2280      109      220    0    0
0    2407      158      164    0    0
341    180      67      274    0    274
343    2472      183      160    0    160
345    2519      198      147    0    147
346    88      28      318    0    318
346    90      28      318    0    318
0    2506      195      120    0    0
0    2859      332      0    0    0
350    132      49      301    0    301
351    2014      5      346    0    346
352    2402      157      195    0    195
352    402      157      195    0    195
0    2901      348      0    0    0
354    905      348      6    0    6
354    888      343      11    0    11
356    2022      7      349    0    349
0    2408      158      124    0    0
358    204      78      280    0    280
358    236      90      268    0    268
0    2567      218      87    0    0
0    2892      344      0    0    0
366    476      186      180    0    180
0    2627      244      89    0    0
367    924      357      10    0    10
0    2924      357      0    0    0
373    2355      143      230    0    230
373    936      364      9    0    9
375    2460      180      195    0    195
0    2923      357      0    0    0
377    221      83      294    0    294
379    2479      186      193    0    193
380    419      170      210    0    210
381    966      378      3    0    3
385    2046      13      372    0    372
0    2505      195      164    0    0
386    2100      34      352    0    352
387    2101      34      353    0    353
0    2955      374      0    0    0
392    985      383      9    0    9
394    984      383      11    0    11
0    2364      144      157    0    0
397    974      380      17    0    17
398    918      356      42    0    42
0    2989      387      0    0    0
402    2027      8      394    0    394
403    999      399      4    0    4
0    2265      104      102    0    0
406    403      157      249    0    249
406    997      399      7    0    7
0    2748      287      85    0    0
0    2997      399      0    0    0
410    407      158      252    0    252
410    1028      406      4    0    4
413    2324      133      280    0    280
0    3034      407      0    0    0
0    2563      216      118    0    0
416    2554      209      207    0    207
420    1061      415      5    0    5
0    2363      144      248    0    0
424    2288      110      314    0    314
425    2072      24      401    0    401
0    3062      415      0    0    0
0    2351      142      119    0    0
426    1040      408      18    0    18
427    2492      190      237    0    237
427    972      380      47    0    47
0    3061      415      0    0    0
430    374      147      283    0    283
0    2318      131      244    0    0
432    375      147      285    0    285
433    155      59      374    0    374
434    2320      133      301    0    301
0    3089      427      0    0    0
436    2776      300      136    0    136
0    3097      430      0    0    0
437    2360      144      293    0    293
438    2556      211      227    0    227
439    416      170      269    0    269
442    1104      431      11    0    11
0    3120      436      0    0    0
448    2414      161      287    0    287
0    2965      378      0    0    0
0    3157      445      0    0    0
0    3155      445      0    0    0
0    3134      438      0    0    0
0    2586      223      209    0    0
454    247      97      357    0    357
454    249      97      357    0    357
455    1168      452      3    0    3
0    2004      2      0    0    0
457    1099      430      27    0    27
458    919      356      102    0    102
458    1167      452      6    0    6
0    2640      248      198    0    0
0    2649      249      61    0    0
462    965      377      85    0    85
0    2862      335      16    0    0
466    2730      281      185    0    185
466    1199      460      6    0    6
0    2522      199      200    0    0
0    3181      455      0    0    0
468    1092      429      39    0    39
470    134      49      421    0    421
471    1217      467      4    0    4
473    886      343      130    0    130
0    2516      198      0    0    0
477    472      183      294    0    294
479    2689      266      213    0    213
480    474      183      297    0    297
480    475      183      297    0    297
0    2502      192      139    0    0
481    1247      476      5    0    5
484    2415      170      314    0    314
0    3217      467      0    0    0
0    2339      137      233    0    0
0    3250      478      0    0    0
0    2523      199      263    0    0
0    2444      175      261    0    0
0    3264      483      0    0    0
0    2590      225      240    0    0
495    1293      491      4    0    4
498    1309      496      2    0    2
499    2329      135      364    0    364
0    2437      174      314    0    0
0    2427      172      266    0    0
500    1291      491      9    0    9
Battle result: Draw
For Earth army:
Total ES: 513
Total ET: 106
Total EG: 345
Percentage of killed ES to ES total: 66.1477
Percentage of killed ET to ET total: 98.5714
Percentage of killed EG to EG total: 0
Percentage of total killed to total units0.1639
Average Df: 80.9747
Average Dd: 0
Average Db: 80.9747
Df/Db % = 1%
Dd/Db % = 0%

For Alien army:
Total AS: 776
Total AM: 394
Total EG: 155
Percentage of killed AS to AS total: 19.0251
Percentage of killed AM to AM total: 148.374
Percentage of killed AD to AD total: 63
Percentage of total killed to total units0.173585
Average Df: 90.3174
Average Dd: 0
Average Db: 58.2783
Df/Db % = 1.54976%
Dd/Db % = 0%

